34204
34204
443
34204
34204
443
34204
34204
443
34204
34204
443
34204
34204
443
34204
34204
443
34204
34204
443
34204
34204
443
34204
34204
443
34204
34204
443
34204
34204
443
34204
34204
443
34204
34204
443
34204
34204
443
34204
34204
443
34204
34204
443
34204
34204
443
34204
34204
443
34204
34204
443
34204
34204
443
34204
34204
443
34204
34204
443
34204
34204
443
34204
34204
443
34204
34204
443
34204
34204
443
34204
34204
443
34204
34204
443
34204
34204
443
34204
34204
443
34204
34204
443
34204
34204
443
34204
34204
443
34204
